0.5052908,0.123362444,0.17208222
0.4400095,0.27613676,0.11346846
0.46432504,0.19793293,0.01729639
-0.013969172,-0.5308493,0.11458336
-0.3024812,-0.21502665,-0.3876688
0.29436466,0.14333707,-0.34260115
0.26380813,0.25518864,0.4300207
0.4500692,0.19114096,0.3009942
-0.08617064,-0.095181696,-0.51953804
-0.035746977,0.41968596,0.27403736
0.25264755,0.23995242,0.4434747
0.4938653,-0.029486816,0.020867152
-0.47336572,-0.07490966,0.053123765
-0.22865501,-0.35551402,-0.19487593
0.2078018,0.04206267,0.5046217
0.27775854,0.2601388,-0.2866358
-0.14155614,0.12510209,-0.4280319
0.08531497,0.31710157,0.39991036
-0.2402364,0.14582282,-0.38791046
-0.22977053,0.07680814,-0.4339814
-0.2230524,0.3302362,-0.14197707
-0.18846624,-0.15508404,0.42327622
0.36376563,-0.20613614,0.34790897
0.11689804,-0.06981003,0.48822975
0.21690112,-0.2753436,0.4097192
0.3880514,-0.08522664,-0.25399902
0.2884976,-0.21494375,-0.305
-0.16426924,0.39991117,0.020643083
0.324068,0.4151486,0.048746884
0.22586778,0.39610985,-0.20070824
0.33300284,-0.3189349,0.2217553
0.29419988,-0.32772672,-0.17068815
-0.41084865,-0.112562194,0.29377055
-0.113189705,0.19369112,0.47916627
0.4601625,-0.09586877,0.23537607
0.39659092,-0.20667507,0.0728203
-0.4773633,0.16410355,0.059488583
-0.47129586,0.08308388,0.17536356
0.4014127,-0.154505,0.32854453
0.0018120556,-0.24083887,-0.44323915
0.17422211,0.38581893,-0.24123564
0.48977697,0.13428137,-0.022059927
-0.37980047,0.24909446,-0.15314811
0.16028479,-0.45236918,-0.16111057
-0.39965,0.25085333,0.06248169
-0.19584301,0.37125182,-0.021753293
-0.4677292,0.005570984,-0.27868116
-0.50539947,-0.02863349,-0.1905341
-0.40621278,-0.14349839,0.2664885
0.44411907,0.27547607,0.13443361
-0.26446688,0.2094329,0.35712972
0.5145283,0.045394525,0.13541333
0.017787637,-0.45867682,-0.15214014
-0.07283342,0.18610138,-0.38616446
-0.49308482,-0.071231276,-0.085735634
-0.23619233,0.19341414,0.3922068
0.3688627,0.1299274,0.4087973
-0.052125446,0.42247865,-0.14582917
0.23322035,-0.46088523,-0.012015342
-0.24282844,-0.34780052,-0.21127695
0.35753214,0.24361093,-0.22292528
-0.5027166,-0.048511393,-0.18504123
-0.44933984,0.048107006,-0.29380104
-0.17841251,0.24116193,0.41719595
0.25333637,0.32257143,-0.25741187
-0.48239875,-0.05830976,-0.2455824
0.3042156,-0.1965418,-0.29922962
0.08153079,-0.38408726,-0.28528818
0.18218853,0.5155328,0.1182027
-0.10704203,-0.4938941,0.18263017
0.43661797,0.20024177,-0.112416066
-0.2811532,-0.28568918,0.23980463
-0.03593583,0.4968073,0.06442475
-0.02409782,-0.5084009,0.27032176
-0.35669357,-0.2168921,0.097128324
-0.08948176,-0.17743617,-0.4922482
0.30128986,-0.35286173,-0.08150117
-0.36950955,-0.21276532,-0.03606161
0.003536742,0.30742845,0.41527382
-0.3048027,0.31273574,0.013002556
0.115359455,0.33634347,-0.29445148
0.1424292,0.52391195,0.0007823237
0.18485574,0.052531127,0.5136452
0.21253905,0.5056292,0.03201539
-0.16308601,0.4044266,0.046499137
-0.34994167,-0.060342982,-0.38961974
-0.44819927,-0.17652775,-0.2425337
0.0618286,-0.050316617,0.48960692
0.25460413,-0.108477004,0.46110773
-0.122547284,-0.40820348,-0.15886562
-0.34478766,0.23029037,-0.23467866
0.15840495,0.46252903,-0.13202554
-0.20569594,0.3516381,0.246154
-0.004429397,0.28060776,0.4433934
0.44804588,0.05710765,0.31719273
0.3657191,0.35270706,0.00607426
0.37321097,-0.1652591,0.36516774
-0.3041891,-0.28376022,-0.06061339
-0.5036369,0.0113683045,-0.21029718
0.51255727,0.062546566,0.043101255
0.084435396,0.35739082,0.35607186
0.44624725,0.22220454,-0.021322852
0.044439085,-0.26941085,-0.40837374
0.235039,0.32403758,0.38185117
-0.26691955,0.24265923,0.33010036
-0.044357505,-0.14910056,0.452471
0.020098276,-0.24493134,-0.4356311
-0.2574214,0.2691281,0.31506765
0.48744786,0.13939072,-0.023587836
0.50617087,0.026985977,-0.024648832
0.19521375,-0.48895952,-0.0011863238
0.3572492,-0.22713028,-0.14072454
-0.26212755,0.31255993,0.22938444
0.1671279,-0.50368595,0.009153858
0.2810745,-0.42317066,0.12936386
-0.22501892,-0.37536836,0.097451895
0.3065883,0.04080226,-0.37778363
-0.121539466,-0.42114815,-0.09316956
-0.25903425,0.23889636,-0.2949965
0.51110005,0.028950466,0.034193154
-0.24739555,-0.29997987,0.29846063
0.038849078,0.3275402,0.39027238
-0.07136245,-0.024019338,-0.51776135
0.24455681,0.14568907,0.48515415
0.30103773,0.44586205,0.1304577
0.3769166,-0.21046051,-0.083662786
-0.47790664,0.14938433,-0.17558569
0.11944975,-0.53153324,0.17507528
-0.22928952,0.048745897,0.41975996
-0.27298075,-0.31556708,0.097506985
0.41001868,0.29922786,0.042696606
0.25686023,0.25773183,-0.3002728
-0.37113577,-0.26272961,-0.15525931
0.46144986,-0.109316565,0.14083335
0.3865008,0.05168114,-0.29407972
-0.38397652,-0.24879394,-0.27535814
0.43122467,0.14095457,0.34126896
-0.05954353,-0.5084847,0.24416533
-0.35209906,0.20997347,-0.25788727
0.3871016,-0.1989543,-0.055643484
0.2297275,-0.0007623708,-0.43808278
0.3900544,-0.18803388,-0.080272004
0.15357639,-0.2851587,0.41696173
-0.39478058,0.25982928,-0.0778746
-0.27686796,-0.3105389,0.077800676
0.38097998,-0.24575542,0.13639398
-0.34713638,-0.2906645,-0.19252357
0.27467978,-0.32403097,0.33804935
-0.15679902,-0.003576587,0.45117372
0.2023058,0.06217198,-0.42422232
-0.38672966,0.2448381,0.11934965
-0.34148547,0.2270544,0.24118288
0.11325983,-0.2672091,-0.38985482
0.19892497,-0.2867084,0.40827322
-0.27663645,0.32497787,-0.022295246
0.13773467,-0.030867884,-0.48265278
0.44252974,0.21659303,-0.05902633
-0.39821273,-0.16005863,0.24979062
0.19816233,-0.16762671,-0.41903207
-0.2877312,0.30582404,-0.10776596
0.04198986,0.4344302,-0.18533926
-0.33240965,-0.26092014,-0.071560934
-0.35314387,-0.28697744,-0.19628972
0.26847202,-0.32035276,-0.23347378
-0.4615875,0.010443293,-0.2864899
0.13409786,-0.50887674,-0.003261798
-0.32706448,-0.2504837,0.029618084
0.33149222,0.20430012,-0.28133807
-0.21389768,-0.3639446,-0.11501267
0.36104622,0.25352508,0.37874457
-0.2059989,-0.25401723,0.38584858
-0.51803845,0.0144144,-0.14149968
0.09368867,0.08045427,0.5315292
-0.34756276,-0.28160372,-0.15602495
0.21305953,0.48707286,-0.02480506
0.27972385,0.1786073,-0.3326905
-0.19397832,0.32997856,0.31253347
-0.08986476,0.33942252,-0.26937664
-0.26146418,-0.31305388,-0.3060754
0.36984,0.15005808,-0.2748028
0.36334237,-0.27488434,0.1057821
0.04255929,0.22759339,-0.3562961
-0.4127688,-0.13291332,0.268802
-0.49592462,0.14016795,0.00018781812
0.16803035,0.43085492,-0.18571022
-0.49123973,-0.0037024303,0.14427443
0.12921977,0.46450162,0.22441128
0.3824573,0.02794077,-0.3027329
-0.14356735,0.33304933,0.35632393
-0.48146492,0.1359705,-0.18532783
0.3823521,0.358211,0.10254862
-0.31912574,-0.13041122,-0.40883678
-0.41837597,-0.056720443,0.29992437
0.106803186,0.09358639,-0.42648405
-0.084679805,0.46087503,0.11947142
-0.45836857,0.13798895,-0.22588101
-0.41555113,0.16471368,0.20209782
-0.09672773,0.11008939,0.50093704
0.024273697,0.52534395,0.07714836
-0.05351499,0.42140368,-0.14691915
-0.40527782,-0.2216687,-0.13352577
-0.2889087,0.25194693,-0.25212213
-0.06001394,0.007927385,-0.5062972
-0.18678056,0.35239372,-0.13242675
0.45145854,0.2637101,0.22429179
0.31472,-0.13637023,0.42757338
0.25209728,0.3483261,0.3533214
0.30831984,-0.378245,0.0607119
0.11492799,-0.39890906,0.36328295
0.056302436,0.49313033,-0.06351577
0.07017539,-0.3197573,0.40945423
0.25854057,-0.2844961,-0.2818307
0.31807113,-0.25994298,-0.20964363
-0.17461455,-0.26315957,0.39786962
0.120371856,-0.41151977,-0.24471556
0.4019142,-0.21206611,0.19150534
-0.22265093,-0.2341426,0.3866909
0.32892382,-0.2890072,-0.11980099
0.43688425,0.24523604,0.009297107
-0.3806808,0.20141542,-0.24237488
-0.09886154,0.1525939,0.49736196
0.00020857656,0.3967598,0.30990288
-0.38964105,-0.16211474,0.2704769
-0.10947288,-0.44897273,-0.0050487346
-0.49046633,-0.06522472,-0.057006337
0.04588515,-0.19206728,0.44701117
0.45646805,0.2543222,0.13694486
-0.005325029,0.43006524,-0.17220093
0.37640792,0.33762914,0.0041368464
0.50756705,0.065818906,-0.01651727
0.5114141,0.106728755,0.1242001
0.3120021,-0.3590484,0.1970218
0.21225053,0.5026287,0.123357855
-0.12990202,-0.47443536,0.20673919
0.11484645,-0.22249612,-0.4249154
-0.47394302,0.14101213,-0.19557282
0.49884766,0.01561663,0.2056545
0.2262862,0.4992573,0.042969234
0.40521273,0.33730987,0.21362066
0.5010888,0.09883633,-0.024057226
0.4473293,0.02271411,0.31507868
-0.36790892,0.27497682,-0.0675269
-0.49960077,0.13572362,-0.117890425
-0.4989312,-0.0559123,-0.08355159
0.41998756,0.24801297,0.31951612
-0.3008767,-0.3183848,-0.18407969
-0.39165524,-0.1796188,0.028096452
-0.43863904,0.21816571,-0.13004589
-0.2510386,-0.34489238,-0.19754878
-0.45080668,-0.13430333,-0.2752014
0.08086735,-0.3821325,0.38010117
0.26616633,0.25224867,-0.2985681
-0.35113582,0.28705648,-0.016945524
-0.21845724,0.23071764,-0.3279886
0.25884184,0.3877405,-0.18130814
0.48079628,-0.046424165,0.22496255
-0.1786386,-0.42290035,0.07838142
-0.30266824,-0.24548674,0.28625375
0.35412166,-0.2913626,0.094546504
-0.41760847,-0.08586947,0.29675946
0.29996145,0.16320455,0.45281982
-0.30057666,0.25090587,0.27412274
-0.005142986,-0.5318473,0.10743299
-0.48002952,0.15857494,0.05946754
-0.20899102,-0.3914916,0.07739631
0.21109714,0.24693754,0.4510228
-0.1857275,-0.10492664,0.42959192
-0.21571182,0.055035863,0.42791787
0.15651067,-0.22031653,0.44283527
-0.10651721,0.36150825,0.33796653
-0.005498881,-0.23249829,-0.45150822
0.26129976,-0.23730251,0.4150063
-0.015222631,0.33180308,0.39116952
-0.24519257,0.34738255,0.016178392
0.12280288,-0.43423527,-0.21125387
0.23267479,-0.23065807,0.4282499
-0.3084609,0.2991094,-0.09195444
-0.27151203,-0.2608112,-0.3714358
-0.3483841,-0.18840414,-0.36687046
0.34025782,-0.08861092,-0.3274688
-0.085479446,0.32910246,-0.28281993
-0.08984965,0.31308204,-0.2971531
-0.1310967,0.37759966,-0.15358892
-0.2307616,-0.351179,-0.22553857
-0.21217287,0.13576724,-0.4053143
-0.3643717,-0.276295,-0.18245132
-0.50203854,0.0062860004,0.030353202
-0.30334872,0.30007538,0.15771416
0.279652,-0.26436383,0.38805214
0.32716757,-0.012910951,-0.36681268
0.42192298,0.3006368,0.2571746
0.089724705,-0.32557595,-0.344474
-0.33849758,-0.17206718,0.33859974
-0.19481464,0.22643018,0.41253012
0.03490459,-0.48837185,-0.06994982
-0.38105974,-0.19038847,0.15220919
0.054105155,-0.22009875,-0.44652718
0.33450097,-0.045031086,-0.35327423
0.27132404,-0.13878128,-0.3777687
-0.35728553,-0.28515336,-0.2214103
0.44240916,0.2534506,0.06310564
-0.1972187,-0.28974977,-0.38022578
-0.03839976,0.4769724,-0.009738621
0.25974745,-0.036529105,-0.4228549
-0.28888485,-0.25700712,0.29254192
-0.09502967,0.23035099,0.47094938
-0.24920449,-0.3456539,0.10389705
0.16344981,0.2162599,-0.35187286
0.32371777,-0.16275652,-0.29901174
-0.2752206,-0.07868992,0.39769718
0.4949257,-0.024555897,0.19505434
0.13675974,-0.39862946,-0.25592828
0.3201388,-0.048019778,-0.36822662
0.07044184,0.48004347,-0.09939684
-0.02414301,-0.19726296,0.44460267
-0.22162099,-0.38075265,0.12882079
0.29900014,0.055852763,-0.37851653
-0.04028638,0.4863271,0.1306797
0.048142385,0.36844322,0.34347397
-0.0394513,-0.42655212,-0.1981973
-0.25805038,0.29094145,-0.20662822
0.0676808,-0.04324615,0.49307728
0.14686364,0.5316077,0.09122382
0.310179,-0.15684876,0.4246199
0.35341567,-0.11387665,-0.29178333
0.44759,-0.12159884,0.07859922
-0.07935837,-0.3863586,-0.26812768
0.34369764,-0.065237954,-0.3347221
-0.4759603,0.16264065,0.0685168
-0.38815594,0.23633847,0.13825285
-0.24372222,-0.26898533,-0.38010493
0.3259366,-0.23640245,0.3703736
-0.26958987,0.19274417,-0.33709323
0.27264732,0.37002596,0.32254502
-0.050188582,0.38783795,-0.22273515
-0.350335,0.2125018,-0.25606242
0.21664378,-0.0534041,-0.4493521
0.002943144,0.4158788,-0.20377141
-0.15886001,-0.12028973,-0.49916238
0.39873624,0.3454437,0.14359376
-0.26767668,0.26908237,0.30050993
-0.1660791,-0.40543666,0.2886024
-0.5169058,0.06365099,-0.13499512
-0.28149515,-0.01350534,0.39156598
-0.4207419,-0.1683992,-0.05873925
0.027648745,-0.4026763,-0.2639884
0.17603497,0.089218795,-0.41685295
0.5118607,0.038408384,0.03449191
-0.039623298,-0.27293977,0.42795393
-0.40058684,-0.071062215,0.31827423
-0.50578547,-0.045602534,-0.1682138
0.3652348,-0.26354042,0.24315965
0.39892054,0.08485071,-0.2681765
-0.35571474,0.0820959,0.32410988
-0.34116676,-0.29503274,-0.19515182
-0.26050687,-0.083253466,0.40398315
0.20562874,-0.289759,-0.32474387
0.44647703,-0.13582344,0.15171607
-0.46992162,0.11462408,0.15267669
0.31704324,-0.30128735,0.3073985
0.49654806,0.10826075,-0.035652045
0.17864214,-0.057527598,-0.4685109
-0.22721028,0.07181077,0.42090285
0.076621674,-0.029302275,0.49957848
-0.015947646,0.47237536,-0.054583855
-0.113295525,-0.39108956,-0.23547499
0.32844532,-0.1535626,-0.29939905
-0.0736321,0.36998928,0.3386317
0.22602166,0.3025233,0.40366605
-0.36710536,-0.2528985,-0.123898424
0.104825675,-0.05209041,0.49346063
0.20000671,-0.48919982,0.19371939
-0.4591141,-0.14687537,-0.1164116
0.123800896,0.32079715,0.3954136
0.08439399,0.5215801,-0.011084248
0.09783242,0.5359371,0.02417352
-0.3520834,-0.28770107,-0.23418513
0.48445398,-0.048613153,0.025935955
-0.33503023,0.27091476,0.16908541
-0.018336883,0.49629968,0.1338328
0.35390112,-0.12124271,-0.2852744
0.49346063,0.008251319,0.21964471
-0.2154978,0.36662552,0.023406029
-0.3037568,-0.27750117,0.04819917
0.0640618,0.52360344,0.12142721
0.21922578,-0.26391384,-0.3357206
-0.23885027,-0.35407516,0.051080715
-0.1953944,-0.37526065,-0.12597527
0.18714955,0.0362103,-0.44244233
-0.25064653,0.28870413,0.2986857
-0.08056642,0.16175443,-0.40273643
-0.3111426,0.039186627,-0.4050179
-0.31559336,-0.25716618,0.18724215
-0.3843189,0.24664524,0.11997359
0.33523875,-0.3301632,0.12838753
0.16068138,-0.5117445,0.030898035
0.2854362,-0.3937989,-0.030557701
-0.1878791,-0.3580906,-0.26284572
0.17198063,0.36006325,-0.2658125
-0.19652501,-0.40169826,0.21478377
0.27006227,0.39947665,0.28506663
0.05591515,-0.27733535,0.42442042
-0.31076935,-0.26812088,0.12695405
0.12665588,-0.4000611,0.35931227
0.007050301,0.51951045,0.0599993
0.33066812,-0.05636161,-0.35403857
-0.2877628,0.06516339,-0.40976748
0.2374745,0.06623008,0.4944861
0.19764563,-0.50311446,0.1424208
0.22416015,-0.4771818,0.020628408
-0.12035632,0.4022223,0.25188664
0.37051594,-0.14837746,-0.22746629
-0.22122507,0.3090787,-0.20904717
0.38598067,-0.20922473,-0.00988274
0.2633925,-0.017909829,-0.42028672
-0.2400696,-0.34997082,-0.19924156
-0.5095642,-0.036269676,-0.14915039
-0.29509592,-0.042002827,0.38660812
0.12357154,0.091674596,0.52922523
0.089076616,0.116043575,-0.41428348
-0.33625403,-0.2854993,-0.14276125
-0.14671743,0.31436202,-0.2699376
0.39124605,-0.00064282987,-0.28964436
0.27664617,-0.090360425,-0.3966819
0.2768922,-0.20492108,0.4240568
-0.022467272,0.45910457,0.21235766
0.4632249,0.23279698,0.23521684
0.09091671,-0.14145401,-0.4813497
-0.17695825,0.1809591,0.443032
0.20484433,0.23696871,0.45928746
-0.47343078,-0.13754354,-0.19996159
-0.053679563,-0.34296995,-0.34339058
0.17875221,0.38615352,0.32164988
-0.18721099,0.21023482,-0.3580878
-0.20327516,-0.395105,0.06347184
0.07149198,0.3105323,-0.31295735
-0.14564852,-0.22163533,-0.45862442
-0.49553555,0.04263153,-0.22581793
0.18133146,0.26468006,0.44334564
0.37991777,-0.17414482,-0.16408943
0.4335684,0.22780743,-0.07043478
0.39559266,-0.18137687,-0.068209104
-0.09173491,-0.36393768,-0.30588877
0.0065283286,0.14913227,-0.4015209
-0.26438883,-0.32732877,-0.10263223
-0.25648504,0.32471713,0.20624824
-0.48253655,0.13156867,0.09554383
-0.13167824,0.26676005,0.43026936
0.32552728,0.34824693,-0.14293015
0.37072197,0.24757235,-0.1993163
-0.0647208,0.35962784,-0.25613254
0.48637155,0.0305362,-0.10194505
-0.035731275,-0.1488318,0.45328298
0.39079493,0.021490276,-0.29164687
0.15203333,-0.05109117,-0.47956774
0.45215562,-0.09816263,-0.012147209
0.17168027,-0.5176351,0.14075407
0.12895577,0.4372782,-0.18725921
-0.014318344,-0.38372493,-0.2885302
-0.097515985,0.17728895,0.49263033
-0.31557173,-0.23610714,0.27679965
0.31730485,-0.22846006,-0.24839848
-0.1764064,0.1894006,0.4410339
0.45709738,-0.053001054,-0.11917707
0.06374832,-0.11472409,-0.49787107
-0.24460547,-0.004172751,-0.45715538
-0.1135091,0.41663936,0.22408491
0.26516676,-0.30507636,0.3652581
-0.36086944,-0.21391352,0.009106171
0.32516095,0.3091466,-0.2001578
-0.312007,-0.17387691,-0.4017917
-0.49861875,-0.012277632,0.033734478
0.06618782,-0.03913663,0.49450532
-0.18771507,-0.3762144,-0.17413414
0.13829643,-0.5311614,0.1349289
-0.1755663,-0.4023355,0.27551964
0.23669162,-0.25644097,0.41399115
-0.21528412,-0.22105822,-0.435126
-0.25592545,-0.32142416,-0.29341197
0.4950415,0.16066432,0.09397727
-0.011053211,-0.5166093,0.25643697
-0.12048366,-0.2501886,-0.44158146
0.27194488,-0.2078057,0.42498407
-0.388058,0.01106255,-0.3560625
0.27864975,0.16411197,0.46423563
0.36902916,-0.100494355,-0.27617517
0.3385679,-0.28992203,-0.053634785
-0.17400612,0.2886054,-0.28709733
-0.17036982,0.07027185,0.45542088
-0.046577346,-0.5252992,0.16067399
-0.15570529,0.15673035,0.4625207
-0.031721655,-0.2495943,0.4336931
0.33452168,-0.3157024,0.016820434
-0.40816122,0.2017233,0.16600811
-0.3897987,-0.25888595,-0.20835514
-0.19212027,0.13084291,0.44120824
0.033688385,0.34328806,0.37308243
-0.06435156,-0.36105,0.39573544
-0.2568589,-0.3408201,-0.21824048
0.18135084,0.41900986,0.28109786
-0.51738864,0.0074370145,-0.10301233
0.342063,0.4034772,0.086883746
-0.04510034,0.03003696,0.50701195
0.08220789,-0.16661222,-0.47220385
-0.41637528,0.25014713,-0.04207817
0.46856162,-0.019590741,-0.12448803
-0.44621226,-0.11692656,0.11407756
0.3447397,0.362228,-0.05636689
-0.29865733,-0.28257057,0.12846383
0.0029651476,-0.29603767,-0.39198694
0.36266696,-0.044237435,-0.3183317
0.31145617,0.32135367,-0.20435895
-0.1985066,0.1351354,-0.4099885
0.020162778,-0.023144862,-0.5080971
-0.3667758,0.27897224,-0.0024483313
0.30580682,-0.37913418,0.15808716
0.21332869,-0.4600278,-0.06901232
-0.47170514,0.0037286126,0.21078445
-0.03257683,-0.48024866,-0.026289573
-0.1668781,-0.30310667,-0.37561223
-0.23190193,0.3458034,-0.04625666
-0.35867432,-0.26511174,-0.13541152
-0.5007299,0.119117916,0.008094965
-0.39750266,0.167028,0.22660893
-0.032598823,-0.443089,-0.1569555
0.3591581,0.0015555773,-0.33247527
-0.47650382,0.18810332,-0.08846201
0.04667798,-0.44483832,-0.1954689
0.27449352,-0.33272877,-0.20854716
0.30281538,-0.123934515,-0.35337317
-0.24911791,0.29161015,-0.2159811
0.3678759,-0.2479775,0.2769441
0.15574689,0.08871193,-0.4215742
0.040428083,0.1626269,0.5223884
0.49954316,0.047780674,0.21160193
0.39381582,-0.20823728,0.05754414
-0.18319148,-0.33965307,0.34229892
-0.43075222,0.22582994,0.059479654
0.51187867,0.076547824,0.048647646
-0.48099464,-0.045417547,0.16443951
-0.35578626,-0.21805193,0.061466154
-0.027923381,0.43200293,-0.14923815
0.1668987,-0.264384,0.4246987
0.16505839,0.026334587,0.51427287
-0.13897055,-0.35923576,-0.2957973
0.25453603,0.06475378,-0.4014587
0.5118802,0.07141651,0.042839535
-0.31460327,-0.30191675,-0.14555265
0.15705368,-0.46404803,-0.13536519
0.17007162,0.5256438,0.091164626
-0.34767044,-0.08277379,0.35976702
-0.24825309,-0.3447889,0.06608618
0.07451052,0.530479,0.106365696
-0.38739988,-0.2601125,-0.23214978
-0.024347184,0.46046695,0.20897804
-0.41281188,0.12605678,0.24027231
0.44028148,0.22909163,0.29875177
0.35664022,-0.15478028,-0.24981126
0.48041168,0.0680298,-0.11579354
0.22539192,-0.48659584,0.09035606
-0.30923358,0.268918,-0.1966778
0.14974914,0.4760007,0.20688167
0.12515987,-0.5306543,0.07527613
0.0063029467,0.46362817,-0.10067056
0.47758725,0.05203332,-0.12609747
-0.48869076,-0.028224835,-0.24019189
-0.011676301,-0.46141693,-0.1195775
-0.45959345,-0.16534276,-0.1730992
0.30307907,0.286027,-0.24802178
0.41999835,-0.15276292,0.0074430965
0.42109427,0.31327584,0.13896471
-0.36003694,0.26502138,-0.13549052
0.14856915,0.52096146,0.12657525
-0.23253712,0.3411783,-0.070115
-0.39021492,-0.1804784,0.06133574
0.07721232,-0.47751987,-0.12163609
0.47538573,-0.039538626,-0.07563173
0.028832594,-0.29061875,0.42126188
0.29367372,-0.3954685,0.01868706
-0.31910107,-0.23584034,0.26751196
-0.036740903,0.35355532,-0.27320993
0.4435007,-0.050008252,-0.16262017
-0.18742722,0.1569827,0.440897
-0.004921715,-0.53234476,0.10964665
0.21280335,0.5026459,0.12235727
-0.45617175,-0.11076004,-0.020322008
0.049099024,-0.29180822,-0.38643265
-0.3663392,0.13554846,0.28960425
-0.37662387,-0.26909485,-0.1964318
0.0584376,0.3187202,0.39886612
0.2238422,-0.04273174,-0.44579503
-0.38042423,-0.26697674,-0.20627178
0.34634396,-0.24044478,-0.15620944
-0.3121956,-0.12719698,0.37714297
0.32460284,0.07757258,-0.35121506
-0.29518166,-0.015847273,0.38441676
-0.27016646,-0.2081395,0.37113383
-0.24082223,-0.26325697,0.3530187
-0.028808517,0.23479122,-0.3552409
-0.28203642,-0.19209333,-0.4146843
-0.03377599,-0.19640172,0.44437596
0.4280557,0.26530054,0.027804963
0.33738947,0.4086457,0.19018166
0.08763208,-0.34164637,-0.3292596
-0.319083,-0.29319754,-0.12816632
0.012438101,-0.21254282,0.44127965
-0.3424066,0.28004494,0.11711909
0.3354096,-0.2440409,-0.18651581
-0.10691771,0.27521232,-0.325043
-0.4333806,-0.017862383,0.2788028
0.13082932,-0.5060167,-0.015155216
0.07027856,0.32182214,-0.30629906
-0.3967054,-0.19613625,-0.31554323
-0.470825,0.19046406,0.016784757
0.2858039,-0.40223005,-0.0010124712
0.1856918,-0.24237974,-0.3753456
-0.07637559,0.34614012,-0.2674845
0.42481634,0.28540966,0.069797374
0.18770945,-0.22630298,0.43843076
0.18835637,0.0020144365,-0.45626518
-0.32388234,0.27881196,0.17369951
-0.11206035,-0.34983525,-0.32388273
-0.061871458,0.4442115,0.21608423
-0.041624717,-0.3116763,-0.38158143
0.0091173295,-0.28150788,0.42482525
-0.0066049146,0.067742966,-0.4620194
-0.19471587,0.25003743,0.39885163
-0.3761334,-0.12117411,0.33170742
-0.15521863,0.36407477,0.29556274
-0.16220033,0.005439832,0.45056197
0.3463377,0.0904279,-0.32721806
0.2716613,-0.058967598,0.462628
-0.044951826,-0.36140314,0.3987616
-0.20400596,-0.38276064,0.012519229
-0.26568192,0.18756339,-0.34385577
0.43307936,0.15028529,0.33764386
-0.19335505,-0.22627893,0.40435553
-0.22233884,-0.37704343,0.082019925
-0.22057685,-0.35900912,-0.09913928
-0.25466758,0.048367348,-0.4351352
0.28985676,-0.28345174,-0.2389779
0.472017,0.21197438,0.23047882
-0.25087517,0.3220724,-0.11661857
0.35058373,-0.12322956,0.40487263
-0.4659107,-0.01630163,-0.2799608
0.23699759,-0.45577082,-0.018565891
0.41928726,0.031928983,0.35432026
0.39404732,0.0953661,-0.27104035
0.3185576,0.23359667,-0.27352905
-0.35362354,0.25350326,0.17176391
-0.39697418,-0.058732253,-0.3503914
-0.17339972,0.19582029,-0.3727923
-0.010308288,0.3422998,-0.28842387
-0.1529539,0.21686429,-0.3611081
-0.1519149,0.41194415,0.14315818
0.3174014,0.39161426,-0.061196744
-0.45578974,-0.10292283,0.14942722
0.08931542,0.28119585,-0.32805702
-0.12997213,-0.42557383,-0.04662292
-0.3747719,-0.2696095,-0.19020256
-0.2107655,-0.17191958,0.4132252
0.3359667,0.37098953,-0.06136273
0.35127825,0.10144963,0.42467108
-0.5164292,0.0753219,-0.082147084
-0.14874436,0.2848101,-0.30407652
0.1997329,-0.29634506,-0.32327685
-0.27905485,-0.06598053,0.3956651
0.09583959,-0.3484322,-0.32063562
-0.43209165,0.16178553,0.17811185
0.10373735,0.028889922,-0.46815303
0.36097795,0.32035708,0.32569808
0.06168627,0.33290362,0.38352567
-0.48660553,0.015337649,-0.24909697
0.2269678,0.49018356,0.14254677
0.27251646,0.09945369,-0.3762934
0.2601434,0.2436621,-0.30691195
0.38187033,-0.19903465,-0.092920646
0.025717285,-0.018157706,-0.50550526
0.26385784,-0.37418216,-0.16817416
0.010220676,0.17106272,0.5199706
-0.36116058,0.28085807,-0.040169716
0.3104622,-0.3218322,0.28715995
0.43186474,-0.14629054,0.2572108
0.18630898,0.100538656,-0.40796608
-0.28237087,0.2564718,0.29474124
0.2595025,-0.32932633,-0.23673101
-0.13839945,-0.34952366,-0.3149639
-0.19233635,0.3609464,-0.08312399
-0.0355664,-0.46266708,-0.08536485
0.39368558,-0.22171713,0.12408653
0.014234552,-0.19143791,-0.4755602
0.26831838,0.46013087,0.011100079
-0.34167966,-0.23271196,0.13079341
0.41649422,0.22835197,-0.12654974
-0.12213725,-0.26719984,-0.42607543
-0.23447971,-0.3522941,-0.1415698
-0.19940515,-0.40518627,0.09908751
-0.28630403,-0.3257649,-0.17598303
-0.40060174,0.25630602,0.028502699
0.28199893,-0.38831067,-0.068762146
-0.018574325,0.35501018,0.36414838
0.14515597,-0.002534063,0.50953823
0.1348287,0.5060493,-0.04426105
0.115097076,0.39470538,-0.24577853
0.03686472,0.47719872,0.19803056
0.23269063,-0.32627752,0.3689965
-0.08482219,0.3944676,-0.17660937
-0.35923558,-0.26344812,-0.13258608
0.46800822,0.023781104,-0.14818153
0.12891753,-0.2485002,0.4332794
-0.2555781,-0.34270483,-0.18181457
-0.42667004,-0.21542887,-0.23532157
-0.50456285,-0.048871595,-0.10673168
-0.48830616,0.16810046,-0.02994309
-0.32976475,0.21321832,0.27491608
-0.32090577,-0.30756724,-0.23054032
0.48483017,0.10501026,-0.08342556
-0.14348044,0.37824416,-0.12753548
0.18139581,-0.16350016,-0.43162358
0.027955113,0.522268,0.024208387
0.27874368,-0.428998,0.07687958
-0.3136795,0.3079503,0.041265763
0.10414325,-0.0151108205,0.50685567
-0.13634674,0.17627953,0.47090653
-0.44003114,-0.13919765,-0.04221824
-0.38533053,-0.15670076,0.29021716
-0.20383884,-0.37232664,-0.051976547
-0.21279411,0.17841826,0.41695395
-0.25980857,0.2395425,0.3413295
-0.07751059,-0.35709956,-0.32050127
-0.34140632,0.042933103,-0.38378856
0.13161956,-0.10037377,-0.4812713
-0.096438885,0.45461404,0.07382332
0.25119585,0.4559523,-0.044092737
-0.3635753,-0.20945771,0.0649066
0.024764288,-0.040531438,0.48843268
-0.49098212,0.11586204,0.080745414
0.069474384,0.14559953,-0.3981494
0.17292733,-0.43429267,-0.1879192
0.37089658,-0.14479265,-0.23074917
-0.27015573,-0.22159037,0.36179164
-0.062494796,-0.42127675,-0.19387615
-0.007393244,0.3666601,0.34910673
-0.1772241,0.31005183,-0.2537007
0.10433353,0.51782626,-0.021909162
0.15254615,-0.16535111,-0.44577226
0.3918948,-0.22894976,0.18435274
-0.10252105,0.29991186,-0.30550808
-0.20237629,0.27322316,0.3742149
0.27393138,-0.40658295,-0.045621652
0.20983194,-0.47172174,0.21853764
-0.15852894,0.28641245,-0.29797325
-0.39589876,-0.1743061,0.06694177
0.008192015,-0.5302352,0.086256
-0.3217046,0.04883797,-0.39506966
0.13013579,-0.3260225,-0.33204076
0.34051257,-0.3200725,0.11950834
0.034555748,-0.17261337,-0.48162222
-0.24181283,-0.34079403,-0.017253246
0.3119861,0.3879177,0.27712163
0.45035443,0.26833534,0.15013608
0.46477842,0.09333488,-0.14431916
0.31111604,0.3837675,-0.10055088
-0.16981609,0.4017998,0.07316494
-0.14766353,0.32071266,-0.26009926
0.40743402,-0.02356505,-0.25732592
0.068376705,0.5297245,0.013183196
-0.4236536,-0.21808062,-0.24035616
0.38913548,0.3581126,0.14680602
-0.10702735,-0.14040613,0.4448481
-0.040163223,0.068313695,-0.46744254
0.10317832,0.4185957,0.28370008
-0.13306339,0.38110897,-0.13843325
0.12416053,-0.31209123,-0.34677616
0.15244745,-0.40159217,-0.24639377
0.13016824,0.42026734,0.28199068
-0.31490037,0.23152554,-0.26068175
0.31660768,-0.26537028,-0.20589021
0.14562087,-0.17535096,0.45784727
-0.04429061,-0.4088953,-0.23693462
0.12659517,0.07213045,-0.43715343
-0.0063066105,-0.14614722,0.45545453
0.04980617,0.33937413,-0.29481274
-0.18879652,-0.045360584,-0.49230847
0.28778762,-0.41402313,0.061601963
-0.19767658,0.25938693,0.38974172
0.27843902,0.34493154,-0.21550094
0.4605095,-0.087649114,0.015389308
-0.124754116,-0.31908634,0.39523956
0.023520319,-0.005081562,-0.5010352
0.47651616,0.1612385,0.25671878
0.056935947,-0.285645,-0.39038152
0.20125833,-0.028100345,-0.4572311
0.33683223,0.103529945,0.4357168
0.016055396,-0.01674658,-0.50688505
0.10043664,-0.48334596,-0.10432529
0.42375585,0.26338357,0.30147418
0.002846176,0.51781994,0.062449265
-0.42290512,0.090026334,-0.30229598
0.37779087,0.23288678,0.37545496
-0.02688075,-0.53156924,0.14986469
0.18051969,-0.3444832,-0.29267046
0.12224674,-0.038405214,-0.48848042
-0.03907837,-0.4500195,-0.12661615
0.10333746,-0.12788042,-0.4826963
-0.37157014,-0.20162007,0.022955287
0.23286925,-0.19149178,-0.37867352
0.078930214,-0.38164958,-0.2884456
0.25781366,0.3439537,-0.23506919
0.2787558,0.1621698,-0.3418291
0.4936944,-0.04862052,0.12766176
-0.29157615,0.31649634,-0.027834186
0.13342348,0.35529676,-0.27859786
0.18345432,0.22548182,0.47168925
0.12078373,-0.5200296,0.027220735
-0.44971624,-0.10740803,0.18917854
-0.21724132,0.11499937,0.42523286
-0.20419855,-0.38607866,0.23285992
0.2027942,0.47056013,0.20245795
-0.21190554,0.18345562,-0.3712714
-0.47178724,-0.12141821,-0.10480852
0.112059265,-0.40452373,-0.25559983
-0.043840423,-0.43221772,-0.17900091
-0.43214968,0.23852317,-0.053841416
-0.198337,0.35120934,0.26176837
0.29818067,-0.15784472,0.4311027
-0.040535994,-0.053073194,-0.52251214
0.3165378,-0.2822613,0.3346172
-0.019098796,0.42109513,0.275204
0.43771276,0.2789429,0.11037257
0.21946219,-0.43174282,-0.14058682
0.08998591,-0.5312249,0.20302717
-0.34656653,-0.29046237,-0.18860905
0.41573232,0.17875312,-0.18671004
0.19853428,0.011499883,-0.44883123
-0.027178882,0.45153603,-0.09778342
0.419991,-0.15593043,0.2828164
-0.0055184066,-0.43457007,-0.19930418
-0.24486995,0.17989329,-0.36070493
-0.3327183,-0.24839194,-0.030063309
0.33823588,0.24979308,-0.24171759
0.22928397,-0.38647056,-0.20732334
-0.22280042,-0.37625197,0.07987119
-0.26292843,-0.18862458,0.38568053
0.290119,-0.3457101,0.28861144
-0.40266535,-0.025067592,-0.34537247
-0.39363444,0.036595214,-0.3473087
0.35597092,0.35143495,-0.046350352
-0.40719098,-0.16195051,0.1804209
-0.020711336,0.4154187,0.28339556
-0.32738978,-0.30358768,-0.23255384
0.034186866,0.08651223,0.5314921
-0.22704646,-0.31315967,0.31457
-0.353748,0.28583357,-0.01260211
0.17954431,-0.1748807,-0.4259894
-0.42913133,-0.1318341,0.2143465
-0.33920097,-0.22573733,0.22737929
-0.16347983,0.33669364,-0.21597077
-0.26133603,-0.28136,-0.35511112
0.01226801,0.084724456,-0.44543782
0.23996615,0.046525534,-0.41649276
-0.29544622,-0.2661796,0.25079152
0.035617355,0.17190036,0.51906234
0.30009833,-0.15336661,0.4314033
-0.26374266,0.24284098,-0.28653523
0.2461423,0.40313414,0.2890353
-0.32885256,-0.25369042,-0.03635346
0.1294649,-0.4980889,0.2551514
0.1574677,0.040640067,-0.44909453
0.29044977,0.37909168,-0.15219104
-0.3527315,-0.2763551,-0.15214343
-0.4953917,-0.054455787,-0.059214525
0.051053125,-0.42701215,-0.22849815
-0.39398363,-0.2510258,-0.18212633
0.10813206,0.47237903,-0.12258878
0.48667365,-0.03138532,-0.040344045
-0.34623927,0.2600305,-0.1715326
0.118916474,-0.008379634,-0.48231128
0.49184698,0.13294819,0.2254975
-0.23292592,0.29894522,-0.21849623
0.39431208,0.20410745,0.37117442
0.4168041,0.14066665,-0.21377787
-0.15344198,0.20392233,-0.37061083
0.120166734,0.025108041,-0.46672672
-0.13614473,0.28482458,-0.30890024
-0.39241886,0.23113835,-0.17881219
0.0784189,0.37131235,0.34006807
-0.3221752,-0.028871156,-0.4092469
0.25165805,-0.43506387,-0.04160294
-0.47198403,-0.066586964,0.17723167
-0.38522014,-0.18629655,0.13878812
-0.22410257,0.014870343,-0.46303502
-0.20568186,0.36562017,-0.019997548
-0.038021754,-0.49244606,0.01862589
-0.19525516,0.18091665,-0.3784486
-0.50026304,-0.049234,-0.07597303
-0.23136304,0.29898047,-0.22026291
0.08419491,0.1558253,-0.39124933
0.33545214,-0.18664664,-0.2579631
-0.080360405,-0.02851567,-0.51825655
0.37209812,0.27873218,-0.15840381
-0.23850155,0.314143,0.27409893
0.27187842,-0.25922874,-0.28827536
-0.2947189,-0.29488263,-0.07009541
0.29193756,-0.34142238,-0.1523568
-0.1520734,-0.42951092,0.27448145
0.5009825,0.1184484,0.027774744
-0.5018592,0.12384254,-0.012950741
-0.29959726,-0.28871983,-0.315056
-0.14291622,-0.2072417,0.42594668
0.13063672,-0.19567165,-0.43726334
-0.08666827,-0.06861076,-0.5217049
0.27376103,0.3009314,-0.26039818
-0.024973098,0.45483884,-0.09136835
-0.3117636,-0.12369863,-0.4155648
-0.067506425,0.024240358,0.49703634
-0.10202282,-0.45091876,0.30984688
0.39091104,-0.19208463,0.3111811
-0.3929186,0.26432145,-0.0071171853
-0.13664055,0.30808043,-0.28383872
0.27544752,0.46258998,0.0473273
0.3811506,-0.20847914,-0.060415793
-0.14729095,0.1909851,-0.38084733
0.042295,-0.1361721,-0.49601483
0.09568869,0.01692668,-0.47643337
-0.29765293,-0.28521803,-0.0010679885
0.30603904,-0.35342354,0.23613857
0.41645637,0.23646335,0.33164454
0.29859582,-0.15001063,0.43315566
0.12437725,0.4910512,-0.08049514
-0.15270054,0.010197665,0.45585912
0.31849357,-0.3461153,0.20615494
-0.0010568664,-0.44414267,-0.17883281
-0.13481596,-0.298219,0.40025845
-0.00402506,-0.53306246,0.20593716
0.1594453,0.22834021,0.47426435
-0.47857052,-0.009704178,0.1948061
0.3726604,0.31941217,-0.07680217
-0.24480782,-0.33024678,0.24017294
-0.31055522,-0.17947581,0.3587859
-0.3974011,0.26189148,-0.014067558
0.28361344,-0.39890116,-0.02273904
0.28348413,0.38464636,-0.15349644
0.016469782,-0.12315378,0.46172112
0.5065077,0.08957067,0.18582617
-0.1874696,0.35215482,0.2778568
0.3714389,0.34662777,0.012421425
0.4123254,-0.17749183,0.27063486
-0.4984672,-0.0028429509,0.07581457
-0.45382056,0.093769714,0.20252445
0.16249198,-0.48496854,0.25202718
-0.23936343,-0.34746096,0.012039346
0.25736642,0.2568183,-0.30055952
0.090634026,0.3452853,-0.29030105
0.17526907,-0.11544291,0.47486836
0.18502377,-0.43274465,-0.18116066
0.07952408,0.1969927,-0.36988017
0.35287917,-0.2887997,0.06451667
0.41093418,0.042313382,0.3650779
-0.5182754,0.040844426,-0.1415198
-0.14041694,0.2421671,0.44173768
-0.040725198,0.47049853,0.17616108
-0.1589861,-0.00011975187,-0.4942257
0.36603525,-0.2655559,0.0802305
0.20189346,-0.47014594,0.23378688
-0.44291645,-0.16414072,-0.10474817
-0.42182827,0.23579647,-0.11472461
-0.23690696,0.23676254,-0.3117908
-0.44516334,0.20014329,0.08832993
0.26509938,-0.43708223,0.16398665
0.2634121,-0.354184,-0.20024066
0.3916083,0.19029647,-0.2188943
-0.35241374,-0.2877764,-0.19873558
0.1548913,0.27545345,-0.32379526
0.10094554,0.06861769,-0.443644
-0.2662023,-0.049032822,0.40083677
-0.21704955,0.3425707,0.24783993
-0.50189984,-0.023091502,-0.031534918
0.46340063,-0.08985648,0.23225962
-0.42535704,-0.14156908,0.036618516
0.30260158,-0.2804764,0.35430023
0.14211531,0.34623575,-0.28376675
0.22244272,-0.44414943,-0.10082619
-0.22609986,0.08307032,0.4212766
0.21881379,-0.18087554,-0.3965987
0.23609641,0.36089185,-0.23430225
-0.32644662,-0.2526666,-0.016769037
-0.38372904,0.16319726,0.24900495
-0.13845724,-0.4080445,-0.11688744
0.4379867,0.29309815,0.18737146
0.061434407,0.44476086,-0.17171448
-0.0988779,-0.42012498,-0.15079774
-0.44727656,-0.11566757,0.13035287
0.26513278,-0.39394787,0.2588104
0.31946343,0.0371669,-0.3683699
0.48916665,0.14412309,0.0088874595
-0.10999019,-0.37013388,-0.28756902
0.25383374,0.4422128,-0.07747611
-0.030445416,-0.03750672,-0.5197673
0.20439117,0.33138222,0.37953228
-0.26436666,-0.3180268,-0.030965837
-0.48313573,0.12917928,-0.18974686
0.50328374,-0.01990042,0.15271173
0.3394979,0.3391768,-0.12928636
-0.48380637,-0.03726246,0.15985206
0.06962402,0.18605974,0.5113826
-0.26428565,-0.31714073,0.19673955
0.38329253,0.06566088,-0.29492062
-0.39467385,-0.20746113,-0.08376226
-0.20493545,0.3080838,0.33287808
0.19160858,-0.44522348,-0.1489019
-0.22806615,-0.26184547,-0.3958214
-0.5015465,0.11195514,0.014639675
-0.19498084,0.12759684,-0.4160316
0.2931997,-0.40218863,0.04300107
-0.056609306,0.46170706,0.18011962
-0.5017092,-0.06352074,-0.15855432
0.50336605,0.13782133,0.16581072
0.1317634,0.2795343,-0.3251598
-0.14481583,0.20212157,-0.37319314
-0.16496722,0.26045594,0.4145058
-0.15003726,0.3922817,0.2347727
0.14746922,-0.45834,-0.15559205
-0.14759956,0.06703338,-0.46576518
0.1976277,0.51698875,0.06997853
0.29721662,0.06825924,-0.37512532
0.0022967812,-0.13058308,-0.50618905
0.18479845,0.066407844,-0.42739576
0.05807681,-0.44705668,0.3411638
0.42279458,-0.1756094,0.21077271
0.22943641,-0.31867594,0.3766417
0.3630586,-0.21197067,0.34333494
-0.01192943,-0.5358181,0.1539592
0.044572573,0.46462888,0.21821243
0.20144504,0.4741739,-0.07359653
0.09796411,0.46255043,-0.1427916
0.25370398,0.109339885,-0.38058117
0.22370687,0.46536776,-0.06715648
-0.11979521,0.29339102,-0.30627915
-0.34872088,-0.16599762,0.3326824
-0.21798833,-0.371777,0.02404712
-0.28801987,0.21940571,0.3237802
0.021236831,0.08544164,-0.44337353
-0.14754955,0.14948758,0.46882132
-0.5096468,0.028842533,-0.023473822
-0.2830853,-0.27996162,0.25106087
-0.48217854,0.11693263,0.11535299
-0.042237245,-0.016414255,-0.5153847
0.07264931,0.45655617,0.23283257
0.2833389,0.36967206,-0.17801414
0.15985912,-0.1491498,0.46587813
-0.12620714,-0.01596787,0.46096626
0.43772805,0.14244892,-0.17277545
-0.07511938,-0.080192305,-0.52220327
-0.3668734,-0.24271163,-0.3082812
-0.41637132,-0.09655672,-0.32951
0.26303634,0.45463312,-0.02075485
-0.32107916,-0.1729008,0.35430235
0.50964004,0.0550689,0.001201833
0.07480009,-0.4476058,-0.19334744
-0.43919647,0.07921219,-0.29198954
0.38551927,0.2501548,0.35930178
-0.24050899,-0.25109166,0.36356443
0.018353995,-0.5390622,0.122686826
-0.13448822,0.41473034,0.19061927
-0.41059536,0.17109261,-0.24934329
0.09018872,0.24643858,-0.34518084
-0.04894277,0.16302225,0.5164019
-0.040060237,-0.41099322,0.37355593
-0.30608013,-0.051293887,-0.42286095
-0.05403686,0.31969702,-0.2999057
0.24245507,-0.14036985,0.45756578
0.2973475,0.13057984,-0.34712246
0.50605327,-0.006011187,0.1578612
-0.1687077,-0.37891218,-0.20966078
0.3140138,-0.30543005,-0.14706045
0.13313732,-0.25362456,0.4312942
-0.2656768,0.3180526,-0.100710504
-0.12162878,0.43523607,0.121565856
0.4669543,0.00036993285,-0.14275555
-0.082192875,0.3289059,-0.28420004
0.20750564,-0.10394344,-0.44363287
-0.08581369,0.4604639,0.05070209
-0.2064963,0.2669823,0.37570867
0.45924246,-0.03779656,0.28442794
0.49567103,-0.04166192,0.09520861
0.10296098,-0.28051388,-0.38197583
0.1065131,0.19191034,-0.370624
0.036537006,0.36981937,0.34209538
-0.06210574,-0.5042143,0.25332382
0.11685171,0.5105795,-0.03764508
0.5134311,0.017734898,0.1101413
-0.18893564,0.31050897,-0.24222735
-0.39220953,-0.14152707,-0.34471422
-0.16276003,0.36225972,0.29034492
0.24283049,-0.46425804,0.03109808
0.31415603,0.43064895,0.07292401
-0.4453384,0.2032403,-0.15217021
-0.038668584,0.31768346,0.40768558
0.38277975,0.2703557,0.34908834
-0.42611608,-0.21845293,-0.19325252
-0.36765948,0.26654053,-0.11536883
-0.17733614,-0.38838646,0.2942623
-0.4783205,-0.09450155,-0.068791494
0.23783794,-0.13215649,-0.41043958
-0.04613906,0.33960673,0.38247424
0.48431146,-0.022356367,-0.06949596
0.3994857,-0.1623932,0.32544032
-0.023518126,-0.52750444,0.21601798
-0.25952864,-0.34029678,-0.17385963
-0.15570298,-0.3174912,-0.3600633
0.091477625,0.24052,0.47185072
-0.04692579,-0.46175066,-0.07180659
0.080223374,-0.24517214,0.43415228
-0.16286819,0.38748538,0.22491726
-0.35385528,0.24490446,-0.19775848
0.21568316,0.47030678,-0.0657244
-0.23866451,-0.35110056,-0.18854691
0.40745145,0.2950788,0.016455514
-0.47629008,-0.027006883,0.19923651
0.10890696,-0.45307064,-0.1803466
-0.24824311,0.3483244,0.08260341
0.062019978,0.50729513,0.15482284
0.46371347,0.19222033,-0.01340153
0.03179689,-0.13677332,0.459504
0.37472218,0.3398526,0.28551075
0.0865071,0.53481466,0.022001017
0.09575017,0.48031807,-0.10460377
0.30120957,-0.11252617,0.44036987
-0.38786286,-0.18352005,0.14071843
-0.39032322,0.2588308,0.05633971
0.47568005,0.107234456,-0.10835497
0.08847867,0.50233686,-0.05444458
-0.059159882,-0.45014435,-0.09679815
-0.20317622,0.060232893,-0.45336157
0.22818033,-0.2649782,0.41206512
-0.20867535,-0.39215723,0.1882789
-0.33464044,-0.2436029,-0.013141606
0.011190292,0.4995927,-0.016239021
0.43118623,0.2127571,-0.108825125
-0.20746493,-0.00037818437,0.42861754
0.43209285,-0.02562381,0.33252144
-0.10667607,0.1597031,-0.40505582
-0.3900801,-0.18328638,0.0024887996
-0.02881772,0.3801377,-0.24507327
-0.3483192,0.061367683,-0.3728992
0.39369062,0.11476158,0.3863039
0.42120415,-0.14556548,0.2933063
-0.37602234,-0.19589333,0.061272904
-0.099141456,-0.20132588,-0.47877538
-0.13937098,0.35616156,-0.20051853
-0.045705494,-0.09829108,0.46272576
0.073556334,-0.5366755,0.08118506
0.17854083,0.5209032,0.101758346
-0.29040125,-0.29584923,-0.056770794
0.1958316,-0.28639027,-0.33408365
-0.049379,0.36159396,-0.26029146
-0.3737799,-0.08590277,0.34109312
-0.19740967,-0.4071915,0.18401732
-0.2921603,-0.07328726,0.3898422
0.34939703,-0.14139345,-0.27593482
0.25005016,-0.3491682,0.33570796
0.07213706,0.25933507,0.45655918
-0.4726569,0.104329735,-0.23398574
0.3929346,0.056779005,-0.28438523
-0.24787512,-0.3341746,-0.03581802
-0.42778426,0.16071327,0.18672137
0.054896325,0.17205334,0.5184908
-0.002632952,0.4284256,0.26596034
0.26812986,-0.20396286,-0.3372035
-0.1824212,-0.41599634,0.0641892
-0.44970623,0.12440117,0.18547289
0.5042217,0.020106444,-0.031689983
-0.13398476,0.4277779,0.09625055
0.15676254,0.2554291,-0.3336771
-0.39140296,0.13382858,0.26178372
0.41437885,-0.021965677,0.35625255
-0.4613405,0.058568057,0.21047767
-0.3875133,-0.12603885,-0.35270917
-0.17807268,0.38947392,0.173434
-0.5027049,0.05856797,0.059830945
0.37052315,-0.24651825,0.032889422
0.15395282,-0.42967805,-0.20688073
0.28822026,-0.3344022,-0.17585726
0.23159088,0.24439946,0.44736892
-0.4919866,-0.07279879,-0.21050194
-0.28971204,0.2185809,0.32237574
-0.46323213,0.027206656,0.22096907
-0.15890588,-0.052650113,0.44285554
-0.00734083,0.43692616,0.25291556
-0.45718953,0.09367125,-0.26351032
-0.47137958,-0.010193028,0.21398002
-0.13787355,0.32676437,-0.25804782
0.2145836,0.41157052,-0.18746433
0.07966713,0.06948728,-0.44624016
-0.29462054,-0.28615144,0.14707823
-0.48611102,-0.03184249,0.15282764
0.37375572,-0.2596255,0.17895673
-0.22893696,-0.1143315,0.4148412
-0.15531474,0.40187037,0.18852076
0.35231233,-0.24528086,-0.11796463
-0.4317542,0.23676093,-0.07535331
0.13964427,0.49701554,-0.063375615
-0.13522819,-0.008229449,0.45922765
-0.012650733,-0.52678835,0.22706516
-0.3434226,-0.289618,-0.2538529
-0.38385537,-0.26173344,-0.18908888
0.054688822,0.3028733,0.4154947
-0.11585368,0.33396703,-0.2623315
-0.17698301,0.39325836,0.15348327
0.04760718,0.16433403,0.5216531
-0.3674586,-0.25265628,-0.12403877
-0.4589186,0.069885366,0.20867409
0.05385036,0.4763571,0.20250563
-0.2536702,-0.3398923,0.11821066
0.18920696,-0.3137612,-0.31515524
0.22276525,0.42093974,-0.16542748
-0.005768599,0.24903408,-0.34682596
-0.36356175,-0.23528221,-0.07939238
0.36692277,-0.21352911,-0.13021225
0.33152932,0.29874533,-0.20316063
-0.495938,0.14447367,-0.013095606
0.32737297,0.36816943,-0.09614315
-0.032340616,0.49396813,0.11744282
0.3003911,-0.26481387,-0.24055025
-0.17410693,-0.04716762,0.4380891
-0.47666255,-0.069972366,0.027843675
-0.27041972,0.27150548,-0.23494016
-0.41960952,0.24304837,0.025353609
0.4800883,0.07338036,-0.114935756
0.465477,-0.09642487,0.20661217
-0.41750276,0.2234295,0.10316893
0.036234066,0.41975686,-0.20870012
0.2910839,-0.4050957,0.14670855
0.12954134,0.2527685,0.45901665
0.00039631224,0.42662513,-0.18258482
0.3778673,-0.22562721,-0.00053716166
-0.32011288,0.07352255,-0.3865718
-0.11810275,0.3217322,0.3850097
0.20533286,0.440099,0.24872881
0.06335499,-0.4442905,-0.19899218
0.40620148,0.23641366,-0.14139213
0.057635214,0.29715002,-0.3207018
-0.3954363,-0.2286761,-0.12759958
0.13784608,0.34129453,-0.28800902
-0.4462705,0.17579779,0.13138326
0.4125776,0.27768874,-0.022987116
0.090232566,-0.43182033,-0.22073673
0.2965537,0.43034378,-0.0027007218
-0.13452576,0.26110592,0.43284854
-0.03702034,-0.31232235,-0.38048398
0.44739676,0.17708167,-0.11418325
-0.49885002,0.14285062,-0.039978806
0.35531133,-0.12184183,-0.282453
-0.43610182,-0.14803751,-0.052387126
-0.2635548,0.2589621,0.3183141
-0.26033288,-0.10562872,-0.45368367
-0.36721525,0.27840602,-0.028865673
-0.33234537,-0.2150157,0.28723443
-0.33068666,0.14033109,0.32448623
-0.3321946,-0.1821153,0.33646294
-0.38684323,-0.26165918,-0.22023828
-0.38879436,-0.25515035,-0.24914639
0.24477236,-0.46930012,0.11075944
-0.30609336,0.27372634,-0.18862319
-0.5171785,0.04889746,-0.14669384
0.3083429,0.075990565,0.45555195
-0.2748405,-0.3125865,0.064552195
-0.23202653,-0.35162255,-0.0074425507
-0.19106479,-0.3570575,-0.26269853
0.013190934,-0.030584158,0.4910991
0.43627596,-0.13026989,0.26891327
-0.43985254,-0.080638826,0.26363093
-0.27501032,0.20799704,-0.3192222
-0.40264872,-0.24424192,-0.23721799
0.115217514,-0.07391222,-0.49120328
-0.23375723,-0.30081806,-0.3466472
0.33757228,0.3906653,0.014852672
0.4425467,0.14039491,-0.16403843
-0.21485314,0.23877355,-0.3216771
-0.100064754,-0.06376745,0.45906404
-0.44278353,-0.121532224,0.14325857
-0.048405066,-0.011651314,0.4887184
-0.4194185,-0.1528382,-0.0075206337
-0.28932747,0.3134871,-0.060080722
0.24044259,-0.3370217,-0.2523114
0.3324651,0.33241862,-0.15630141
-0.33553636,0.25420198,-0.1991638
0.030266095,-0.25082412,-0.42821768
0.021308344,0.35907632,-0.27778608
0.3960154,-0.11130194,0.36056873
0.16499327,0.52786785,0.037029713
0.13273473,0.32715288,0.38861614
0.123232126,-0.47194687,-0.13247894
0.003130628,-0.5004992,-0.0012670398
0.30432057,0.38136038,-0.12181084
0.1788265,0.37700194,0.3323149
-0.32474717,0.29481608,-0.07171829
-0.35088292,0.11046109,0.31787774
0.48220366,-0.028656509,-0.06755444
-0.07944489,-0.20070508,0.43934172
-0.4918874,0.08809645,-0.20928545
-0.14588925,0.29026735,-0.2995527
-0.3267014,-0.255181,-0.33511284
0.23491715,0.4948094,0.10357234
-0.32876152,0.2047335,-0.28431052
-0.22431605,-0.35120943,-0.23925774
-0.33350256,-0.20812495,0.29930687
0.41390926,0.16758487,-0.19955069
0.08284547,-0.4612622,-0.16463119
0.16014971,-0.036884386,-0.47570276
-0.3574497,0.26003215,-0.1555797
0.33637264,-0.31420845,0.22013521
0.19096851,0.31121233,0.40096015
0.3090601,-0.25500834,0.37173855
0.48802584,-0.057041954,0.16838071
0.25387403,-0.38034686,-0.17853294
-0.1454172,0.2312229,-0.35165542
0.493713,0.13103883,0.00029714525
0.3431995,0.1049325,0.43089724
0.16088863,0.5279448,0.030077938
-0.17260362,0.39023396,-0.00039090955
-0.30480728,0.19056532,-0.31711572
-0.30576268,0.29533675,-0.11678477
-0.21777181,0.3565041,-0.030932369
0.3542677,0.39719728,0.16162954
0.27100933,-0.13254857,0.4500735
0.34978163,-0.29982802,0.09339668
-0.428267,-0.14181998,-0.30526072
-0.5045611,-0.0054182527,-0.019785272
-0.4357599,0.23555316,-0.056540355
-0.428885,-0.12102317,0.2460128
0.3983574,0.25985458,0.33967254
-0.3617446,0.017431185,0.33697098
-0.3498793,0.07805199,-0.3650431
0.16233447,-0.19097602,-0.4253055
-0.25036335,-0.2169681,-0.4198815
-0.098551884,0.43337157,-0.023424465
0.06264588,0.50040543,-0.050154716
-0.115507126,-0.4214028,-0.108292125
-0.24182963,-0.34916738,-0.19900183
0.3129655,0.27587575,-0.24696867
0.37171134,-0.22097105,-0.0794903
0.32924366,0.043522257,-0.35825172
0.49060798,0.15020894,0.038252816
-0.19925313,0.3816119,0.093391925
0.038102526,-0.10609852,0.46828252
-0.38654065,-0.19172838,-0.32959777
-0.17587525,-0.3932994,-0.055287767
-0.41347107,-0.14909966,0.22468849
-0.23492694,0.30643848,-0.19757815
-0.11376379,-0.3705883,-0.2848682
-0.043550927,0.3855493,-0.23044115
-0.41960338,-0.08163686,0.2952997
-0.20742662,-0.2781396,-0.38898066
0.21708946,0.45335305,0.22510156
-0.24685298,-0.150127,0.40402624
0.024669664,0.27792254,0.44223985
-0.2341498,-0.019288467,0.4150146
0.17550434,0.4787024,0.19813041
-0.36434796,-0.082222156,-0.37769347
-0.1308201,-0.47479433,0.1341619
0.39294103,0.21573979,0.36837962
-0.48332548,-0.05077495,0.12766542
-0.03354195,-0.5095556,0.061740045
0.18426804,0.3352331,-0.2809295
-0.03694603,0.068986066,0.5207393
-0.31922677,-0.24895002,0.21456462
0.47168392,-0.07271565,0.035774346
0.3956087,0.34719056,0.2206702
-0.20397048,0.22146359,-0.34291512
0.33820778,-0.12760134,-0.30491853
-0.1261671,0.2244757,-0.35950637
0.0951361,-0.52296895,0.22438282
-0.23658411,-0.34684694,-0.09086711
0.33557338,-0.14371455,-0.29647583
-0.25976124,-0.33225998,0.10325094
0.2563037,-0.3245432,-0.24614501
0.13382043,0.36778378,0.34437168
0.47702238,-0.06983259,0.06434913
-0.12090668,0.3843492,0.2896998
-0.4863024,0.032675695,-0.24725905
-0.24129988,0.07763763,-0.4283576
-0.067010045,-0.35372072,-0.3272589
-0.15633759,-0.19687769,0.42468056
-0.21952225,-0.3591703,-0.06651447
0.46365887,-0.08712858,0.041196033
0.094117545,-0.024346866,-0.49321902
-0.23465697,-0.35375258,0.01984291
-0.4906185,0.0035221514,0.14873824
0.4747809,0.06468136,-0.13092998
-0.09486914,-0.3240285,0.40366822
-0.41571513,0.24324399,-0.10115423
-0.05005038,-0.08630798,0.4648668
-0.014355691,0.115326874,0.52984244
-0.06937444,0.4726308,0.052810647
0.18560185,0.45105085,-0.13981868
0.09285807,-0.53452677,0.07362154
-0.025952876,-0.50593305,0.043182775
0.18826863,-0.49384594,0.20218946
-0.008592918,0.40396792,0.30042273
0.4803637,-0.0718692,0.10422568
0.42046595,0.19167961,-0.16435635
0.20375083,-0.13321406,-0.4339166
-0.21140759,-0.3799481,0.22304718
0.21898164,-0.48922268,0.13606165
0.2149534,0.096062474,-0.40218395
0.46236828,0.09627565,-0.14846927
0.03458793,0.27331635,0.445769
-0.042008076,-0.50895196,0.07003838
0.5029197,0.034074657,-0.046676822
0.19350667,-0.14757964,-0.43313652
0.37321812,-0.22763085,-0.036916807
-0.13838716,0.31630567,-0.27250978
0.3718479,-0.14661375,-0.22651733
0.2738401,0.05106034,-0.39659685
-0.46112815,0.17827769,0.088793136
0.352157,0.2864809,-0.18581563
0.36582297,-0.040014748,0.40467858
0.30514985,-0.046594854,-0.38368854
0.28310314,0.041644435,-0.39418986
-0.0142920045,-0.1839861,-0.4854344
0.07177903,0.46438357,-0.13455322
-0.037094295,0.36961606,0.34556708
-0.053402923,0.14073656,0.51916873
-0.21642213,0.3603162,0.18451117
0.4017731,0.3420693,0.21033007
-0.2201062,-0.37303862,0.20692362
0.1849546,-0.053311806,0.48960474
0.1745582,-0.20447429,0.44771114
0.22369412,-0.31521752,0.38196197
-0.15969498,-0.33257085,-0.335512
0.2930401,-0.3788668,-0.03970546
-0.42215785,-0.15708394,-0.034088377
-0.20507501,0.30856907,-0.22938049
0.1727052,0.17739345,-0.36962196
-0.39985335,-0.10203879,0.31350863
0.17386849,-0.12820505,0.47146654
-0.09693532,-0.50020844,0.18494143
-0.43996447,-0.11417688,0.22093454
-0.23541285,0.10997705,-0.41296336
-0.10412062,0.10212544,-0.4465687
0.2172063,0.40326828,-0.19751045
-0.140655,-0.25473088,0.41407767
-0.30695227,-0.22419004,0.31777975
-0.11419659,-0.1883181,0.43588954
-0.32925722,-0.13849013,0.36398536
0.14138395,0.49265656,0.18284173
-0.07450878,0.1830622,-0.38821173
-0.3207735,-0.25768825,0.04928951
-0.026948601,-0.3401959,0.40835539
0.25659108,0.26088202,-0.2985046
0.09454407,-0.29043177,0.4190311
-0.5020134,0.10089028,0.028510364
-0.4252364,-0.21272855,-0.24847835
0.18875991,0.30914116,0.40318224
-0.14534846,0.09470668,-0.44850087
0.2879164,-0.3448833,-0.1582653
0.34429505,-0.20520781,0.374369
0.30168316,0.43777436,0.17729491
0.15710445,0.25881356,0.4513039
-0.50078195,0.13964315,-0.0547354
0.19307448,0.13589334,0.50789106
-0.022551036,0.49541593,0.13065514
-0.064492695,0.38330647,-0.22050647
0.34210986,-0.012425956,0.4257691
0.22108614,0.34110403,-0.2612367
0.30053928,0.4450522,0.14310402
-0.2931952,-0.31403407,-0.13599734
0.20468393,-0.2002975,-0.3936945
0.1949937,0.41460133,-0.19631197
-0.29546872,-0.29571506,-0.30714256
-0.18095337,0.24724352,-0.32828596
-0.0034104888,-0.31206733,-0.3763968
0.051114306,0.26081768,0.4562501
0.31872615,-0.22058214,-0.25402573
0.15391964,-0.18122421,-0.43576345
-0.42046523,0.21916226,-0.16319874
0.14977627,-0.00627424,-0.47273192
-0.13089365,-0.31893167,0.3926462
-0.12487083,0.4152266,-0.026469663
-0.21173687,0.269459,0.3684731
-0.20893273,-0.02530124,-0.48038745
-0.08195112,0.31344196,0.4067805
-0.5087423,0.11483819,-0.07017979
-0.32022253,0.18303847,-0.3137098
-0.15590627,-0.4489063,0.10259206
0.08453373,-0.3999535,0.36925945
-0.5029917,0.011727156,0.026337137
0.45717013,-0.031039791,0.2906095
0.09828465,0.23632728,-0.3495504
0.119270556,0.013975042,0.51708466
-0.3175338,0.2728896,-0.17560779
-0.3808497,-0.26627347,-0.22899382
-0.13552801,0.31135577,-0.28045538
0.35338628,-0.14407203,-0.26646703
-0.089897044,0.294523,-0.31314746
-0.37605008,0.259352,-0.12694265
-0.4272953,-0.13809748,0.19114432
-0.18194002,0.250281,-0.32502842
